Exchange:	4.3239073575072254e-05
Electrostatics:	1.8130250038826094e-05
Induction:	5.281599750214657e-07
Dhf:	3.6805993428063694e-07
Dispersion:	0.00012537454536698967
