Exchange:	0.0001263150443484886
Electrostatics:	3.579210021250038e-05
Induction:	1.089001512762421e-06
Dhf:	6.815212285260139e-07
Dispersion:	3.6134957920373106e-05
