Exchange:	0.00010923841989346741
Electrostatics:	4.658780023008012e-05
Induction:	1.807807768611851e-06
Dhf:	1.1280441522480037e-06
Dispersion:	2.5263227157773676e-05
