Exchange:	0.00013825523305612244
Electrostatics:	4.188528786807445e-05
Induction:	1.1356152473829679e-06
Dhf:	6.840441994289805e-07
Dispersion:	2.615116436667589e-05
