Exchange:	0.000133934539592738
Electrostatics:	3.914175201785292e-05
Induction:	1.1827773716279908e-06
Dhf:	7.226816158631368e-07
Dispersion:	2.8536865671014634e-05
